[[ 9.92624555e-01  1.38911478e+00  1.60080821e-01  1.33698591e-01
  -5.87323588e-01  2.27118079e-01 -1.03325836e+00 -6.90896794e-01]
 [ 1.00077169e+00  1.23629678e+00  1.64402594e-01  1.11012261e-01
  -5.63479075e-01  1.61537893e-01 -8.55634194e-01 -8.69637157e-01]
 [ 1.06365098e+00  1.69409988e+00  2.60080130e-01  1.69634652e-02
  -5.11543503e-01  2.91781553e-01 -1.44156030e+00 -6.41823384e-01]
 [ 1.10779620e+00  1.54309202e+00  3.23368171e-01  4.60550611e-02
  -6.35013376e-01  9.88013600e-02 -1.28184286e+00 -1.17308945e+00]
 [ 9.24076797e-01  1.51965037e+00  9.08756347e-02  1.67904163e-02
  -5.04082549e-01  4.38280214e-01 -1.21244425e+00 -2.76663501e-01]
 [ 7.80225466e-01  1.29227625e+00  2.83387544e-01  3.20691404e-01
  -6.28300578e-01 -1.39051586e-01 -9.01014253e-01 -8.90686069e-01]
 [ 9.80920119e-01  1.56571951e+00  2.21354696e-01  2.69093182e-02
  -5.48378113e-01  3.33152952e-01 -1.16928610e+00 -5.87532060e-01]
 [ 8.48195367e-01  9.82041999e-01 -8.92493288e-02  2.54544213e-01
  -7.23811969e-01  4.93265804e-01 -2.75043824e-01 -1.05303280e-01]
 [ 7.77949380e-01  8.65200552e-01  4.38762063e-02  2.57836941e-01
  -6.39291145e-01  2.09247319e-01 -3.93206323e-01 -4.25581706e-01]
 [ 9.84729164e-01  8.74530658e-01 -2.74683821e-01  3.74759643e-01
  -1.04060526e+00  5.68628892e-01  3.68926068e-01  9.85587203e-02]
 [ 9.19013397e-01  1.07966503e+00 -2.78282991e-01  3.45884681e-01
  -9.24757847e-01  6.11884403e-01  2.04493751e-01  2.64962545e-01]
 [ 8.57703605e-01  1.06911480e+00 -2.02974155e-01  2.73918781e-01
  -7.26277088e-01  5.75426341e-01 -2.41385489e-01  5.41383774e-02]
 [ 9.15735070e-01  8.63707650e-01 -2.71885869e-01  3.59412039e-01
  -8.18162563e-01  5.42065377e-01  1.68828939e-01  1.15528625e-01]
 [ 9.87790468e-01  1.16366084e+00 -1.93801539e-01  3.86805388e-01
  -7.53128911e-01  7.81253030e-01 -2.06441699e-01  2.01290953e-01]
 [ 9.87085035e-01  1.22690733e+00 -2.04866968e-01  3.71156815e-01
  -6.89390549e-01  8.53690538e-01 -2.89466865e-01  2.71013014e-01]
 [ 7.79887116e-01  1.12587892e+00 -5.05549311e-02  1.46706172e-01
  -6.39830634e-01  3.86611806e-01 -6.91558945e-01 -2.29911302e-01]
 [ 1.21894922e+00  1.73863283e+00  2.52082532e-01 -1.03915919e-01
  -5.65920428e-01  4.16209595e-01 -1.53647310e+00 -8.58518004e-01]
 [ 1.30151853e+00  1.58550910e+00  2.72705075e-01 -1.46824141e-01
  -6.28209206e-01  3.22658724e-01 -1.35882742e+00 -1.17745714e+00]
 [ 1.26966741e+00  1.81315613e+00  3.45042542e-01 -8.26214691e-02
  -5.91772062e-01  3.89773059e-01 -1.66830921e+00 -1.00348467e+00]
 [ 9.87847112e-01  1.25261885e+00  2.12410136e-01  9.89837147e-02
  -6.06539330e-01  7.17880396e-02 -1.12104013e+00 -1.04055356e+00]
 [ 8.21910207e-01  1.15757625e+00  2.38070488e-01  2.03667486e-01
  -6.82148063e-01  2.15796603e-02 -9.62403881e-01 -9.11949846e-01]
 [ 5.86520364e-01  1.07906655e+00  2.56454862e-01  3.58745338e-01
  -6.55036153e-01 -2.50372846e-01 -7.97665815e-01 -8.07874373e-01]
 [ 8.13189811e-01  1.52446879e+00  4.67373758e-01  1.94641622e-01
  -6.46608629e-01 -3.62350365e-01 -1.02972038e+00 -1.24191332e+00]
 [ 6.55568649e-01  1.59477921e+00  4.41918359e-01  3.14704387e-01
  -7.11876200e-01 -5.50730731e-01 -9.17801729e-01 -1.19269541e+00]
 [ 1.14414922e+00  9.46842939e-01 -3.10817731e-01  3.97137188e-01
  -1.20697959e+00  6.39644510e-01  6.31815202e-01  2.21676176e-01]
 [ 1.09101904e+00  1.00421798e+00 -3.32206045e-01  3.94832959e-01
  -1.21134194e+00  6.84555511e-01  5.52913527e-01  2.90681168e-01]
 [ 9.60987070e-01  8.51809221e-01 -2.96029384e-01  3.39366881e-01
  -1.11742921e+00  5.43570063e-01  4.93485580e-01  1.50872610e-01]
 [ 9.69648801e-01  9.28347002e-01 -3.25422021e-01  3.76755209e-01
  -1.10202598e+00  6.62485483e-01  4.62660384e-01  2.53206912e-01]
 [ 9.19865883e-01  8.39820238e-01 -2.01856474e-01  2.68463301e-01
  -9.83413445e-01  4.30629366e-01  2.69918801e-01 -6.44491365e-02]
 [ 1.13006459e+00  1.05432783e+00 -3.10073983e-01  3.40137533e-01
  -1.09882496e+00  7.00605359e-01  4.06596832e-01  1.70830031e-01]
 [ 8.07868035e-01  1.10027722e+00 -1.40202090e-01  3.23404046e-01
  -6.00223237e-01  4.48163459e-01 -2.34742452e-01  5.25421842e-02]
 [ 8.60678782e-01  1.30777719e+00  1.32258298e-02  1.02457691e-01
  -5.48227216e-01  4.35386191e-01 -7.97579637e-01 -1.75746736e-01]
 [ 1.09890517e+00  1.33072075e+00  2.01200125e-01 -2.47860676e-02
  -6.27036216e-01  1.56933876e-01 -9.99588613e-01 -1.07927170e+00]
 [ 6.91118509e-01  1.33107780e+00  3.63190760e-01  2.50467927e-01
  -6.57673649e-01 -2.94237395e-01 -9.13402828e-01 -1.01431400e+00]
 [ 9.71869549e-01  1.25529730e+00  1.26063299e-01  5.98781522e-02
  -5.95572127e-01  2.64416596e-01 -1.06460174e+00 -7.83247609e-01]
 [ 9.34069022e-01  9.82466272e-01 -3.44990401e-01  3.18943580e-01
  -1.17628916e+00  6.26452375e-01  5.77258863e-01  2.61023116e-01]
 [ 8.43055786e-01  1.66890734e+00  4.15409557e-01  1.38091745e-01
  -6.92412291e-01 -2.67901609e-01 -1.17227838e+00 -1.09578728e+00]
 [ 9.07473190e-01  1.59727545e+00  4.33086621e-01  2.16989040e-01
  -6.84548495e-01 -2.25596574e-01 -1.10483621e+00 -1.20999029e+00]
 [ 1.23468100e+00  1.66520166e+00  2.92343931e-01 -6.76181824e-02
  -6.88665416e-01  1.94959902e-01 -1.40000337e+00 -1.20813580e+00]
 [ 1.22080332e+00  1.63419425e+00  3.18022665e-01 -7.59805223e-02
  -5.89641514e-01  2.36484974e-01 -1.40590012e+00 -1.21308166e+00]
 [ 1.48497019e+00  1.63653900e+00  3.94613616e-01 -2.52511705e-01
  -6.72853255e-01  3.96980034e-01 -1.69327461e+00 -1.52960070e+00]
 [ 1.38239976e+00  1.50071978e+00  2.40770583e-01 -1.08299755e-01
  -6.32577911e-01  2.79168147e-01 -1.36709733e+00 -1.33145359e+00]
 [ 1.24458778e+00  1.64441545e+00  3.93623569e-01 -7.52459357e-02
  -6.79431971e-01  2.09004223e-01 -1.45710363e+00 -1.31479307e+00]
 [ 1.03956571e+00  1.29951928e+00  1.84286475e-01  1.06241849e-02
  -6.05672251e-01  2.12310611e-01 -9.35716762e-01 -8.90011143e-01]
 [ 1.06244787e+00  1.54447984e+00  3.15996641e-01 -1.38622991e-03
  -6.19791296e-01  1.86951270e-02 -1.32181015e+00 -1.11166593e+00]
 [ 1.08319413e+00  1.50767998e+00  2.88807073e-01  1.05725545e-01
  -6.21799220e-01  9.19889640e-02 -1.25950927e+00 -1.02040466e+00]
 [ 8.78218848e-01  1.57484743e+00  4.00361527e-01  2.18464456e-01
  -6.29831711e-01 -2.97380432e-01 -1.14538419e+00 -1.12463568e+00]
 [ 7.57395655e-01  1.58115087e+00  4.42594134e-01  1.65743377e-01
  -7.09993791e-01 -3.40915120e-01 -1.13016272e+00 -1.13377512e+00]
 [ 9.47692319e-01  1.68214286e+00  4.96343683e-01  2.04043138e-01
  -7.06097172e-01 -2.38244953e-01 -1.20502402e+00 -1.25815301e+00]
 [ 1.03928022e+00  1.06092713e+00 -2.96633433e-01  3.45426113e-01
  -9.77247602e-01  6.89061907e-01  2.10892836e-01  1.84718145e-01]
 [ 1.03927490e+00  1.27612735e+00 -1.63635152e-01  3.76432291e-01
  -8.11590276e-01  7.66198284e-01 -1.72159703e-01  2.07451164e-01]
 [ 1.09230230e+00  1.18580098e+00 -2.75457305e-01  3.59862704e-01
  -1.00117140e+00  6.93028615e-01  1.68777790e-01  2.54363394e-01]
 [ 7.50168695e-01  1.57705789e+00  4.23554412e-01  2.15498743e-01
  -6.55088507e-01 -3.54407715e-01 -9.82444813e-01 -1.03422237e+00]
 [ 7.48076593e-01  1.20832753e+00  3.28999578e-01  2.32649982e-01
  -6.42241793e-01 -2.96285029e-01 -7.92795071e-01 -1.03311662e+00]
 [ 8.61486312e-01  1.66032160e+00  4.23173787e-01  1.26295095e-01
  -6.82200963e-01 -2.29190751e-01 -1.24736043e+00 -1.03598474e+00]
 [ 8.73992000e-01  1.05541579e+00 -3.19579316e-01  3.00180835e-01
  -1.08853562e+00  5.86249659e-01  4.68373525e-01  1.82021506e-01]
 [ 1.78107857e+00  1.72676147e+00  4.75630635e-01 -3.14238859e-01
  -7.80892618e-01  5.02163358e-01 -1.86683655e+00 -1.96115270e+00]
 [ 8.73209601e-01  7.48188468e-01 -9.17236180e-02  2.50003667e-01
  -7.48946201e-01  3.11485985e-01 -5.55343660e-02 -2.96012060e-01]
 [ 1.25981146e+00  1.49404930e+00  2.62785038e-01 -6.70575348e-02
  -6.39234165e-01  2.86958411e-01 -1.22194907e+00 -1.18464406e+00]
 [ 1.62136939e+00  1.60413090e+00  4.41133846e-01 -3.43257981e-01
  -6.74316578e-01  4.45576743e-01 -1.77886706e+00 -1.77587012e+00]
 [ 1.26110177e+00  1.91068335e+00  3.89741007e-01 -1.36902519e-01
  -5.72761060e-01  3.61649232e-01 -1.85300253e+00 -1.08036949e+00]
 [ 1.00197811e+00  8.40045573e-01 -2.94665092e-01  3.58870677e-01
  -1.05213259e+00  5.64065764e-01  4.34032594e-01  1.61815007e-01]]