[[-5.60017096e-02  3.76404634e-01 -3.13768765e-01 -3.26127318e-01
   1.32733152e-01  1.24474530e-01 -1.39802188e-01  2.01410370e-01
   1.53460476e-03 -4.10222189e-01 -1.56345442e-01  2.85976343e-01
   2.01823990e-01  2.03542953e-02 -1.34954909e-01  4.26778980e-01]
 [-8.35760700e-02  3.12508413e-01 -2.76706052e-01 -3.35979321e-01
   9.54140339e-02  1.76471565e-01 -1.79394573e-01  2.30772671e-01
  -1.51517983e-02 -3.55730162e-01 -7.81314088e-02  2.63172942e-01
   1.75935279e-01 -4.17817932e-03 -8.73763106e-02  3.54545516e-01]
 [-1.30994188e-02  5.06197855e-01 -4.56226792e-01 -3.45478015e-01
   1.86875945e-01  9.21643400e-02 -1.26775737e-01  1.68206627e-01
   6.75968242e-03 -4.18575109e-01 -1.84557788e-01  2.80525920e-01
   2.82662784e-01  6.85095276e-02 -2.03813608e-01  4.59811700e-01]
 [ 7.08508017e-02  3.95091463e-01 -3.28746331e-01 -4.00767496e-01
   1.24679029e-01  1.11486905e-01 -2.75184426e-01  2.28226692e-01
   6.54036113e-02 -1.62639286e-01 -9.89582951e-02  1.40202037e-01
   1.85759764e-01  1.89607416e-02 -1.53355322e-01  4.61485720e-01]
 [-2.04393901e-01  4.37586703e-01 -4.16172599e-01 -2.74278298e-01
   1.83147953e-01  1.15964519e-01  7.56060011e-03  1.83667841e-01
  -9.66484446e-02 -7.50089976e-01 -2.34412551e-01  4.33897138e-01
   2.58788221e-01  9.27861081e-02 -1.27688878e-01  4.62771292e-01]
 [-2.70078655e-02  2.02649559e-01 -1.80326978e-01 -3.62572062e-01
   3.74701689e-02  2.85011840e-01 -2.84947139e-01  2.07285139e-01
  -8.36205312e-02 -1.86011342e-01 -1.65694053e-01  2.45605478e-01
   2.54867568e-01 -7.29221444e-02 -1.07323823e-01  3.24520110e-01]
 [-5.77511221e-02  4.43845436e-01 -3.85042165e-01 -3.30772479e-01
   1.89260493e-01  1.14656865e-01 -5.95924749e-02  2.03438294e-01
  -1.55025473e-02 -4.91355108e-01 -2.04339440e-01  3.19949853e-01
   2.41138577e-01  6.72357440e-02 -1.49843665e-01  4.58173603e-01]
 [-5.61676411e-01  2.49467864e-01 -1.81083487e-01 -2.81147147e-01
   1.41069122e-01  4.12140884e-01  1.61351500e-01  2.55916194e-01
  -3.04806935e-01 -1.18595463e+00 -9.98112195e-02  6.95807817e-01
   1.51441534e-01  3.84204787e-02  2.51597356e-02  3.25542270e-01]
 [-3.68402657e-01  1.64254875e-01 -1.18052975e-01 -3.04578648e-01
   8.44777223e-02  3.43624364e-01 -3.05813800e-02  2.04072837e-01
  -2.23460175e-01 -7.09748846e-01 -1.09578033e-01  5.09838699e-01
   1.49140861e-01 -3.37155289e-02 -2.03342644e-03  2.80156371e-01]
 [-8.46598506e-01  1.31754149e-01 -1.02460532e-01 -3.31400348e-01
   2.57024246e-01  6.76249104e-01  2.99391725e-01  2.42555472e-01
  -4.74026234e-01 -1.51895564e+00 -9.47628867e-03  1.01689672e+00
   1.08196273e-01  5.85217936e-02  5.50336097e-02  3.28539824e-01]
 [-8.29617167e-01  1.56347088e-01 -1.49290965e-01 -3.76818917e-01
   2.13974614e-01  6.37770651e-01  3.58329943e-01  2.93416411e-01
  -5.36503013e-01 -1.61700270e+00 -1.21960949e-01  1.05844746e+00
   1.87069763e-01  4.89534011e-02  3.40150138e-02  3.24377593e-01]
 [-6.18127680e-01  2.65197869e-01 -2.05562001e-01 -2.89424017e-01
   1.50323878e-01  4.42845899e-01  2.45007790e-01  2.51336951e-01
  -3.44520038e-01 -1.27282219e+00 -1.03612573e-01  7.72005425e-01
   1.78291942e-01  5.04270861e-02  5.92589816e-03  3.55009776e-01]
 [-7.50080446e-01  1.84586945e-01 -1.37027163e-01 -2.80795282e-01
   1.36980223e-01  5.52327496e-01  2.40118523e-01  2.68843270e-01
  -4.25872960e-01 -1.40644061e+00 -6.88179111e-02  9.06131735e-01
   1.25169398e-01  2.26945715e-02  4.97029353e-02  2.94123505e-01]
 [-7.81771450e-01  3.20732253e-01 -2.36436152e-01 -3.35719179e-01
   5.01490348e-02  5.66889997e-01  3.13981148e-01  3.79529123e-01
  -5.48502607e-01 -1.71609444e+00 -2.09491143e-01  9.66306873e-01
   2.38836122e-01  1.63196384e-02  3.32110713e-02  3.12093419e-01]
 [-7.95323314e-01  4.16263131e-01 -2.64575071e-01 -3.00501127e-01
  -2.27475427e-02  4.88130123e-01  2.94963819e-01  4.06584863e-01
  -5.02807792e-01 -1.76506174e+00 -2.35954147e-01  9.58231135e-01
   2.30644919e-01  3.59936799e-02  7.99090615e-03  3.39102967e-01]
 [-3.93672786e-01  2.49374569e-01 -2.34105310e-01 -2.58112087e-01
   1.67744291e-01  2.96990597e-01  5.84545654e-02  1.86881808e-01
  -2.24643538e-01 -8.66414954e-01 -1.56463054e-01  5.58574915e-01
   1.93060994e-01  3.01799082e-02 -2.74026017e-02  3.65601493e-01]
 [ 6.67604104e-02  5.27832784e-01 -4.89518791e-01 -3.91625894e-01
   2.05845647e-01 -2.91628906e-03 -1.33208513e-01  1.82208379e-01
   2.58878852e-02 -4.21188184e-01 -1.39735794e-01  2.23599991e-01
   2.23220244e-01  7.84608852e-02 -2.38234848e-01  5.15300955e-01]
 [ 8.17173135e-02  4.26741663e-01 -4.04607374e-01 -4.39045294e-01
   2.37872283e-01  4.74335184e-02 -1.87152512e-01  2.15127467e-01
   5.36801475e-02 -2.93244887e-01 -8.57118666e-02  1.70417311e-01
   1.48520093e-01  5.06090219e-02 -1.59578136e-01  5.01978411e-01]
 [ 1.09760189e-01  5.82191297e-01 -4.80733459e-01 -4.50850814e-01
   2.01588061e-01  1.36250032e-02 -1.94911195e-01  1.82228469e-01
   6.02705971e-02 -3.77643555e-01 -1.05476968e-01  1.56038362e-01
   2.31113995e-01  7.56263451e-02 -2.27032765e-01  5.53726944e-01]
 [-1.47064406e-01  2.47407670e-01 -2.28595057e-01 -3.66395335e-01
   1.58089492e-01  2.14918623e-01 -2.38005810e-01  2.31852537e-01
  -6.79591747e-02 -3.66876045e-01 -1.39830293e-01  2.89807281e-01
   1.97651449e-01 -2.39983265e-02 -4.18061405e-03  3.93368707e-01]
 [-1.58230330e-01  1.77629313e-01 -1.48425915e-01 -3.21180721e-01
   1.32112254e-01  2.90897182e-01 -2.13360715e-01  2.04102944e-01
  -1.04453337e-01 -3.55403419e-01 -1.47651153e-01  3.17593030e-01
   2.05056134e-01 -4.85071349e-02  6.86854970e-03  3.68375665e-01]
 [-1.63761367e-01  8.24670517e-02 -1.05638748e-01 -3.20950302e-01
   7.02218183e-02  3.70944408e-01 -2.62997347e-01  1.65494968e-01
  -1.74143639e-01 -2.70696001e-01 -1.61346328e-01  3.40141623e-01
   2.62960179e-01 -8.74566567e-02 -1.18975597e-02  2.77307246e-01]
 [ 1.78868000e-01  1.80607527e-01 -2.26719506e-01 -4.57993807e-01
   1.14252395e-01  2.43840661e-01 -3.72451776e-01  2.00788554e-01
  -2.82196740e-02  8.56803432e-02 -1.46013464e-01  1.27985569e-01
   2.77802791e-01 -4.17106247e-02 -1.51351211e-01  3.40680123e-01]
 [ 1.78011478e-01  1.33690148e-01 -1.41806901e-01 -5.38144108e-01
   5.01359004e-02  3.13440466e-01 -4.30967164e-01  2.14262864e-01
  -1.01493885e-01  1.29963258e-01 -1.50057220e-01  1.73642748e-01
   3.11904375e-01 -9.41015050e-02 -2.01092516e-01  3.42333987e-01]
 [-1.02845640e+00  1.09342067e-01 -1.05987832e-01 -3.99249945e-01
   3.14917965e-01  7.74470654e-01  4.10447526e-01  2.40509644e-01
  -5.73103156e-01 -1.77821671e+00 -4.49265103e-03  1.24019714e+00
   1.27461130e-01  4.34193897e-02  7.31902066e-04  3.39756793e-01]
 [-1.05256870e+00  1.13355694e-01 -1.30302687e-01 -3.87383521e-01
   3.24895953e-01  7.74164709e-01  4.37167239e-01  2.65150119e-01
  -5.87236712e-01 -1.84179279e+00 -5.07099828e-02  1.28599813e+00
   1.53334747e-01  5.78946203e-02  3.52586252e-02  3.77068554e-01]
 [-8.85345315e-01  7.02219910e-02 -8.38311222e-02 -3.54770467e-01
   3.09950609e-01  6.90865736e-01  3.34183311e-01  2.14734253e-01
  -5.03549970e-01 -1.53854249e+00  9.03371013e-04  1.09251369e+00
   1.07968133e-01  4.87215915e-02  2.29582720e-02  3.23467039e-01]
 [-9.74442748e-01  9.79950527e-02 -9.86384771e-02 -3.86056959e-01
   2.59711202e-01  6.84864972e-01  3.88423006e-01  2.41991889e-01
  -5.59918289e-01 -1.71342051e+00 -1.48461753e-02  1.14218465e+00
   1.13408683e-01  4.05986931e-02 -5.56873856e-03  3.52808763e-01]
 [-7.01210353e-01  9.67048259e-02 -1.02280757e-01 -3.39392601e-01
   2.55887947e-01  5.38566393e-01  2.33609633e-01  2.11266597e-01
  -3.64551634e-01 -1.24457441e+00  2.07265930e-02  8.81256180e-01
   8.37225683e-02  4.09736468e-02 -2.41888398e-03  3.16767666e-01]
 [-9.59135572e-01  1.79596306e-01 -1.57377693e-01 -3.91937850e-01
   2.93167014e-01  6.90132992e-01  3.84102850e-01  2.80833171e-01
  -5.45322173e-01 -1.76177846e+00 -5.09822263e-02  1.16783889e+00
   1.39760971e-01  5.43227022e-02  2.64550966e-02  3.71010664e-01]
 [-5.04890884e-01  2.97076166e-01 -2.06014860e-01 -2.87312671e-01
   8.89644124e-02  3.91605150e-01  1.62441647e-01  2.47192096e-01
  -3.25615434e-01 -1.14302237e+00 -1.61631943e-01  6.96453143e-01
   2.03807030e-01  2.97099178e-02 -2.47704089e-02  3.03492298e-01]
 [-3.18841918e-01  3.63833293e-01 -3.11836796e-01 -2.72347587e-01
   1.43431491e-01  2.23796313e-01  8.18002059e-02  1.83928324e-01
  -1.74556101e-01 -8.51497947e-01 -1.62915242e-01  5.15858930e-01
   2.37806321e-01  4.27275059e-02 -8.81404072e-02  3.76907532e-01]
 [-1.19596787e-02  3.30740580e-01 -2.92733935e-01 -3.99363850e-01
   1.82561812e-01  1.53404330e-01 -1.85030995e-01  2.12295486e-01
  -1.20651511e-02 -2.98301004e-01 -2.98816512e-02  2.05910423e-01
   1.22909425e-01  3.38393718e-02 -1.00572615e-01  4.10019924e-01]
 [ 2.69596459e-02  1.39599170e-01 -1.68265169e-01 -4.11658478e-01
   9.02226771e-02  2.83780386e-01 -3.07903424e-01  1.84263110e-01
  -1.05872105e-01 -8.10563581e-02 -1.42620232e-01  2.21611502e-01
   2.61144654e-01 -5.03881045e-02 -1.09560814e-01  3.19177713e-01]
 [-1.79860539e-01  2.59949650e-01 -2.88378997e-01 -3.48223979e-01
   1.88855233e-01  2.05157640e-01 -1.26245230e-01  2.11086918e-01
  -1.33205560e-01 -5.27638437e-01 -1.68679635e-01  3.91594079e-01
   1.80141426e-01 -1.25053881e-03 -2.98445912e-02  3.85966131e-01]
 [-9.93456380e-01  6.83838541e-02 -7.89522050e-02 -4.23070111e-01
   2.91412991e-01  7.36783263e-01  3.57481287e-01  1.79444163e-01
  -5.93621343e-01 -1.65979461e+00  1.59542113e-02  1.17095714e+00
   1.27183791e-01  6.82152002e-02 -5.05536620e-02  3.50678637e-01]
 [ 1.98007970e-01  2.34751858e-01 -2.84580641e-01 -4.71463420e-01
   1.19294923e-01  1.69353294e-01 -3.38924941e-01  1.81940405e-01
  -2.03622799e-03  4.17123909e-02 -1.21246236e-01  1.26020556e-01
   2.95963764e-01 -2.66464438e-02 -2.54452051e-01  4.29169633e-01]
 [ 1.38446407e-01  2.81871491e-01 -2.39861438e-01 -4.42690535e-01
   9.91460391e-02  2.22721348e-01 -3.68835162e-01  2.16558352e-01
   4.10522633e-04 -1.19403412e-02 -1.54758957e-01  1.59335144e-01
   2.64829883e-01 -2.98275692e-02 -1.53690802e-01  4.09893618e-01]
 [ 1.46469412e-01  4.27932559e-01 -4.01498130e-01 -4.45405897e-01
   1.72954883e-01  7.02863577e-02 -2.65479611e-01  2.29544013e-01
   6.04313664e-02 -1.96150879e-01 -6.75443934e-02  1.38568341e-01
   1.64405999e-01  3.84128276e-02 -2.02181775e-01  5.10255671e-01]
 [ 1.32548132e-01  4.34576962e-01 -3.97888077e-01 -4.24741302e-01
   1.83603370e-01  6.37700170e-02 -2.37027040e-01  2.57034591e-01
   4.70390869e-02 -2.32618162e-01 -1.08920648e-01  1.21519571e-01
   1.67896256e-01  5.28916436e-02 -1.52947361e-01  4.68797478e-01]
 [ 1.79557612e-01  5.29740035e-01 -4.64637184e-01 -4.11104273e-01
   2.76122291e-01  1.20491429e-02 -2.10044850e-01  2.12035238e-01
   1.33935602e-01 -1.94288933e-01 -4.42454029e-02  3.09443712e-02
   1.23564426e-01  3.95882231e-02 -1.18222277e-01  5.47938944e-01]
 [ 1.12578536e-01  4.44757265e-01 -3.92616707e-01 -4.32486444e-01
   1.87869518e-01  4.19429151e-02 -2.32239092e-01  2.53517993e-01
   9.67741614e-02 -2.40886217e-01 -8.94491584e-03  1.28999850e-01
   1.13989647e-01  2.62925019e-02 -1.25349577e-01  4.77121812e-01]
 [ 1.82886988e-01  4.10107817e-01 -3.89349107e-01 -4.41867190e-01
   2.40331033e-01  7.51795629e-02 -2.51360179e-01  2.04406005e-01
   9.06151420e-02 -1.02036246e-01 -1.03882858e-01  9.08525532e-02
   1.86619452e-01  2.65827296e-02 -1.61593821e-01  5.10374950e-01]
 [-1.96529738e-02  3.21931685e-01 -2.92335483e-01 -3.68670876e-01
   1.78826576e-01  1.38321463e-01 -1.43969875e-01  1.79317418e-01
  -5.13874905e-03 -3.06516526e-01 -7.31448961e-02  2.43898361e-01
   1.30985842e-01  2.12199377e-02 -1.19583307e-01  4.06033893e-01]
 [ 6.04596548e-02  3.40998646e-01 -3.27829514e-01 -3.86928806e-01
   1.53948439e-01  1.33786542e-01 -2.77926364e-01  2.05476567e-01
   3.45087270e-03 -2.15007329e-01 -1.14300042e-01  1.74234170e-01
   2.07711852e-01  1.87764796e-02 -1.11049530e-01  4.44430290e-01]
 [ 7.15211646e-02  3.17970275e-01 -3.39680593e-01 -4.06537745e-01
   1.39623562e-01  1.30457715e-01 -2.63767202e-01  2.03803499e-01
  -9.29545609e-03 -2.16950318e-01 -1.10517677e-01  1.92826051e-01
   2.20194952e-01 -1.26395284e-02 -1.62318603e-01  4.19462493e-01]
 [ 1.33733571e-01  2.30831407e-01 -2.59076505e-01 -4.43896947e-01
   7.04590156e-02  2.08273833e-01 -3.62696773e-01  2.27397795e-01
  -3.10935269e-02 -1.52438903e-02 -1.65131738e-01  1.71095779e-01
   2.78424518e-01 -4.64358248e-02 -1.76696614e-01  3.70633867e-01]
 [ 1.75111693e-01  1.75337043e-01 -2.32164689e-01 -4.62693365e-01
   1.23598572e-01  2.19998690e-01 -3.72177612e-01  1.76072634e-01
  -5.39646416e-02  4.82918384e-02 -1.76557990e-01  1.71097011e-01
   2.76569242e-01 -3.74620982e-02 -2.01708878e-01  3.90299265e-01]
 [ 1.98252932e-01  2.98280366e-01 -2.64319496e-01 -4.80224062e-01
   9.99778810e-02  2.31214768e-01 -3.62264266e-01  2.17650521e-01
   2.90457987e-03  4.90585663e-02 -1.60816937e-01  1.37402557e-01
   2.89480824e-01 -4.85321242e-02 -1.97379773e-01  4.06778234e-01]
 [-8.61587835e-01  1.89985695e-01 -1.72072139e-01 -3.67190528e-01
   1.78915430e-01  6.29894118e-01  3.45701990e-01  3.41803112e-01
  -5.46049166e-01 -1.71008319e+00 -9.41666020e-02  1.10265367e+00
   1.59983282e-01  4.76218659e-02  4.10140719e-03  3.38648447e-01]
 [-7.62221325e-01  3.45038393e-01 -2.21822381e-01 -3.72345257e-01
   5.92465622e-02  5.56396096e-01  3.12304743e-01  4.04787893e-01
  -5.34482482e-01 -1.74132107e+00 -2.22520437e-01  9.93698625e-01
   2.36155484e-01  2.12202115e-03  1.21235729e-02  3.55221662e-01]
 [-9.01637608e-01  2.10919437e-01 -1.99967296e-01 -3.82960013e-01
   2.16094705e-01  6.24446298e-01  3.90799402e-01  3.38226796e-01
  -5.51884882e-01 -1.79037133e+00 -1.25641661e-01  1.15176786e+00
   1.65073000e-01  6.37491000e-02 -1.15445134e-03  3.77952106e-01]
 [ 1.69880739e-01  1.96653403e-01 -2.16828467e-01 -4.76332198e-01
   8.23830477e-02  2.46302150e-01 -3.51202380e-01  1.89803873e-01
  -6.14125662e-02  3.81675923e-02 -1.38892390e-01  1.50639586e-01
   2.93204238e-01 -4.76225782e-02 -2.07970211e-01  3.65820384e-01]
 [-7.45964605e-03  1.17947608e-01 -1.48327956e-01 -3.93324511e-01
   1.14388366e-01  3.12791271e-01 -3.14281409e-01  1.94178863e-01
  -1.13192221e-01 -9.78800801e-02 -1.09782341e-01  2.57473013e-01
   2.31069922e-01 -5.61655461e-02 -5.58185174e-02  2.92625645e-01]
 [ 1.65008916e-01  2.54216036e-01 -2.94121404e-01 -4.41872522e-01
   1.36322396e-01  1.90652234e-01 -3.34163077e-01  1.55961391e-01
  -1.96057299e-02  2.01329616e-02 -1.49046130e-01  1.63236067e-01
   2.95036703e-01 -2.19158159e-02 -2.34713391e-01  4.26639798e-01]
 [-9.30375855e-01  8.48258027e-02 -7.89841212e-02 -4.58114439e-01
   3.06209485e-01  6.82355448e-01  3.45940290e-01  1.91989416e-01
  -5.57501466e-01 -1.54152465e+00 -2.16036008e-02  1.10886796e+00
   1.41154000e-01  6.01763885e-02 -4.60575718e-02  3.62876819e-01]
 [ 2.28303904e-01  5.92760729e-01 -4.80597585e-01 -4.45688523e-01
   3.41293661e-01  1.79525074e-02 -2.26481105e-01  2.79578957e-01
   2.30619128e-01 -1.72731290e-01 -1.88022870e-02 -3.73253735e-03
   9.29920566e-02  4.58805331e-02 -6.68485115e-02  6.17735556e-01]
 [-5.35281487e-01  8.14065531e-02 -1.25245098e-01 -2.88859940e-01
   1.76277745e-01  4.33765103e-01  5.86255892e-02  1.68456868e-01
  -3.00173379e-01 -8.78618915e-01 -2.38510265e-02  6.68286220e-01
   1.11525040e-01  6.35493069e-03  1.03893790e-02  2.59391537e-01]
 [ 8.52786632e-02  4.03886197e-01 -3.72243075e-01 -4.32563627e-01
   2.12244103e-01  5.70026160e-02 -2.12135214e-01  2.29965017e-01
   4.37589416e-02 -2.52634868e-01 -8.61737992e-02  1.89444600e-01
   1.30410832e-01  3.15477545e-02 -1.42525032e-01  4.69192155e-01]
 [ 1.94952763e-01  5.74803430e-01 -4.57495570e-01 -3.87686953e-01
   3.29695581e-01 -1.20563684e-02 -2.22716124e-01  2.33720969e-01
   2.20412537e-01 -1.24596387e-01 -5.38944072e-02 -2.40677162e-02
   8.61717500e-02  5.54512514e-02 -5.07066521e-02  5.86460309e-01]
 [ 1.32104519e-01  6.18686738e-01 -5.43660124e-01 -4.33574469e-01
   2.06020096e-01 -2.51413711e-02 -2.22270651e-01  1.54694584e-01
   8.51436433e-02 -3.04411734e-01 -1.01997359e-01  1.10847729e-01
   2.63812780e-01  8.58738456e-02 -2.83210254e-01  5.68689886e-01]
 [-8.49513373e-01  9.16183421e-02 -1.17337631e-01 -3.23329354e-01
   2.55267246e-01  6.41804846e-01  3.14392870e-01  1.86684509e-01
  -4.91780037e-01 -1.52003589e+00 -1.24481947e-02  1.06575161e+00
   1.17371035e-01  3.47964446e-02  1.20739849e-02  3.22853068e-01]]