[[-1.13981038e+00 -6.69575181e-02  3.61530416e-01  2.95598135e-01]
 [-1.00552879e+00  2.21540885e-02  4.02972266e-01  2.90988198e-01]
 [-1.26723857e+00 -2.44483517e-01  4.18229490e-02  4.47447738e-01]
 [-1.28097101e+00 -2.53294647e-02  2.57083237e-02  5.39769967e-01]
 [-1.02170846e+00 -2.80952012e-01  3.85727012e-01  2.17779107e-01]
 [-1.28632264e+00  2.06302333e-01  3.51385292e-01  5.55317946e-01]
 [-1.24956971e+00 -1.23076370e-01  2.57310151e-01  3.66092189e-01]
 [-6.67512218e-01  1.41060544e-01  1.29596900e+00 -2.50457585e-01]
 [-6.68958700e-01  1.15582184e-01  9.45393433e-01  1.05522410e-01]
 [-7.44407783e-01  4.30514216e-01  2.11344369e+00 -7.07909563e-01]
 [-8.44413946e-01  3.39053436e-01  2.08710332e+00 -5.08002021e-01]
 [-7.47269619e-01  1.55736118e-01  1.50684295e+00 -3.07062234e-01]
 [-6.19439666e-01  2.80686823e-01  1.92240629e+00 -4.91407959e-01]
 [-6.42987191e-01  1.88021524e-01  1.96953537e+00 -1.35067094e-01]
 [-5.75424956e-01  1.07927713e-01  1.89027711e+00 -1.05258393e-01]
 [-8.07947322e-01 -7.16932440e-03  8.16166092e-01 -4.87622573e-02]
 [-1.28764163e+00 -2.90877650e-01 -9.24635053e-02  4.58374119e-01]
 [-1.17302002e+00 -1.72173255e-01 -7.67903605e-02  4.06098763e-01]
 [-1.27690505e+00 -3.20288804e-01 -2.13180645e-01  5.37256440e-01]
 [-9.64625488e-01 -2.13527277e-04  3.09266894e-01  3.64552852e-01]
 [-9.90130284e-01  1.70824922e-01  3.17930328e-01  3.30308010e-01]
 [-1.15369816e+00  2.85888664e-01  4.30086936e-01  4.52500821e-01]
 [-1.71374656e+00  3.31471169e-01 -6.10118873e-02  7.12794282e-01]
 [-1.91033272e+00  4.25561670e-01  1.16959524e-01  8.61324012e-01]
 [-9.16039498e-01  4.79109178e-01  2.58124541e+00 -8.12995582e-01]
 [-9.59970816e-01  4.68187862e-01  2.62695589e+00 -8.07118126e-01]
 [-8.43381094e-01  4.16445284e-01  2.20380803e+00 -7.60598276e-01]
 [-8.11273240e-01  3.61127176e-01  2.34322630e+00 -7.45530435e-01]
 [-8.50959462e-01  3.30685602e-01  1.76420239e+00 -5.95649499e-01]
 [-8.44020617e-01  3.85226603e-01  2.41270951e+00 -6.96864522e-01]
 [-7.98877371e-01  1.39000395e-01  1.41444500e+00 -1.05050867e-01]
 [-9.25614354e-01 -7.09368705e-02  7.13785411e-01  5.35747495e-02]
 [-1.07429057e+00  3.69298294e-03  2.24486508e-01  3.10010922e-01]
 [-1.46332279e+00  2.73468465e-01  1.91635545e-01  6.05691941e-01]
 [-8.41705783e-01 -9.73804893e-02  3.80404953e-01  2.47453429e-01]
 [-9.40097829e-01  3.83324640e-01  2.32165698e+00 -7.93236160e-01]
 [-1.81922679e+00  1.62665498e-01 -9.08585862e-02  7.25309911e-01]
 [-1.67203833e+00  2.75066846e-01  2.82247654e-02  6.72921542e-01]
 [-1.33037187e+00 -1.31676388e-01 -1.02118417e-01  5.18571778e-01]
 [-1.24433037e+00 -9.61720810e-02 -1.13812835e-01  4.85030234e-01]
 [-1.12103306e+00 -1.93284873e-01 -3.12756134e-01  4.46145223e-01]
 [-1.07446650e+00 -1.33676571e-01 -3.42004938e-02  3.68859183e-01]
 [-1.36183905e+00 -7.40679926e-02 -2.18360296e-01  5.23297742e-01]
 [-1.04459635e+00 -6.08967345e-02  2.64326924e-01  2.63992540e-01]
 [-1.27648116e+00 -3.01247930e-02 -4.45243096e-02  4.48769164e-01]
 [-1.27714292e+00 -3.24297002e-02  4.70566495e-03  4.65225474e-01]
 [-1.61613452e+00  1.75963900e-01  6.05952684e-02  7.30386103e-01]
 [-1.74354975e+00  2.11580222e-01 -1.03522144e-01  7.32018553e-01]
 [-1.75755707e+00  2.74204555e-01 -5.95863855e-02  8.28458605e-01]
 [-8.15401119e-01  3.47790773e-01  2.21195698e+00 -4.89538157e-01]
 [-7.75065373e-01  2.14588506e-01  1.98908966e+00 -1.35706586e-01]
 [-9.17668451e-01  3.38281059e-01  2.28021415e+00 -5.42927472e-01]
 [-1.74835935e+00  2.56925951e-01  4.43066290e-02  7.59632663e-01]
 [-1.31110513e+00  3.13822725e-01  2.68910116e-01  5.04030017e-01]
 [-1.71589417e+00  1.34901334e-01 -1.38162247e-01  7.02391909e-01]
 [-1.00417403e+00  3.58144762e-01  2.20693064e+00 -6.85798979e-01]
 [-1.18161134e+00 -5.69204277e-02 -4.44167237e-01  4.13824597e-01]
 [-6.46676491e-01  2.08807486e-01  1.30522907e+00 -2.55848456e-01]
 [-1.15417338e+00 -7.18466021e-02  3.23123039e-02  4.15199145e-01]
 [-1.07610278e+00 -1.21435257e-01 -4.14600740e-01  3.94028680e-01]
 [-1.38892062e+00 -3.86961632e-01 -3.75606732e-01  6.45211990e-01]
 [-8.00505387e-01  3.87604804e-01  2.15980316e+00 -7.06137928e-01]]