[[ 0.60136201 -0.35064309]
 [ 0.77043845 -0.09373259]
 [ 0.49105616 -0.43369358]
 [ 0.93297319 -0.10015521]
 [ 0.14173638 -0.38196779]
 [ 1.26562357 -0.31510883]
 [ 0.35025042 -0.44498097]
 [ 0.12014828 -0.25883596]
 [ 0.69345118 -0.30302412]
 [ 0.09140099 -0.58928656]
 [-0.09063853 -0.59077175]
 [ 0.0140713  -0.43756207]
 [ 0.08428316 -0.37533296]
 [-0.19236988 -0.16062178]
 [-0.33628955 -0.12516554]
 [ 0.31225906 -0.35874806]
 [ 0.32972066 -0.20062976]
 [ 0.52369374 -0.05208858]
 [ 0.40155747 -0.18678138]
 [ 0.9956876  -0.03340524]
 [ 1.06174286 -0.19895812]
 [ 1.42577554 -0.28244391]
 [ 1.42645626 -0.25116349]
 [ 1.74856667 -0.44022965]
 [ 0.05510135 -0.82862871]
 [-0.02659262 -0.8308896 ]
 [ 0.2526635  -0.79748234]
 [-0.00224939 -0.73106796]
 [ 0.33938444 -0.63207921]
 [-0.10011125 -0.65186505]
 [ 0.09568544 -0.42500891]
 [ 0.11712475 -0.40351804]
 [ 0.74186705 -0.0048041 ]
 [ 1.45719907 -0.31310788]
 [ 0.68045909 -0.13827812]
 [ 0.08042787 -0.95075686]
 [ 1.23890545 -0.33942083]
 [ 1.33706571 -0.32761782]
 [ 0.78393596 -0.02167497]
 [ 0.68602502  0.04740319]
 [ 0.49496462  0.25187856]
 [ 0.67927135  0.19223829]
 [ 0.76716093 -0.13919599]
 [ 0.60112796 -0.18675633]
 [ 0.9094135  -0.01019579]
 [ 0.87037357 -0.09015354]
 [ 1.4293441  -0.22196878]
 [ 1.51821235 -0.40663967]
 [ 1.39676267 -0.37543686]
 [-0.06989459 -0.40934296]
 [-0.227097   -0.24190598]
 [-0.20654013 -0.4691005 ]
 [ 1.35084058 -0.36743266]
 [ 1.4695138  -0.23449094]
 [ 1.18843257 -0.37581145]
 [ 0.12550174 -1.02947376]
 [ 0.50934781  0.3696912 ]
 [ 0.60907892 -0.40768527]
 [ 0.6026697  -0.06727887]
 [ 0.42705859  0.31163194]
 [ 0.52513476 -0.14227158]
 [ 0.03993466 -0.62844499]]